0 0.271875 0.765625 0.265625 0.778125 0.275 0.784375 0.2734375 0.7890625 0.2671875 0.7859375 0.2625 0.7796875 0.2625 0.771875 0.265625 0.7671875 0.2703125 0.765625
0 0.2859375 0.140625 0.33125 0.1515625 0.34375 0.15 0.353125 0.1609375 0.3390625 0.159375 0.31875 0.15 0.2859375 0.14375 0.2390625 0.1390625 0.2125 0.140625 0.20625 0.1375 0.1921875 0.140625 0.171875 0.1390625 0.1609375 0.1421875 0.1328125 0.14375 0.115625 0.1484375 0.096875 0.15 0.0828125 0.1546875 0.078125 0.159375 0.0609375 0.159375 0.071875 0.15 0.0828125 0.1515625 0.1328125 0.140625 0.146875 0.140625 0.1578125 0.1375 0.2421875 0.1359375 0.284375 0.140625
0 0.765625 0.1171875 0.7671875 0.1265625 0.753125 0.1234375 0.753125 0.11875 0.7421875 0.1015625 0.7421875 0.08125 0.746875 0.0765625 0.746875 0.0734375 0.7609375 0.0609375 0.7625 0.0640625 0.7484375 0.0765625 0.7484375 0.08125 0.7453125 0.084375 0.7453125 0.0984375 0.7515625 0.1109375 0.7578125 0.1171875 0.7609375 0.115625 0.7640625 0.1171875
0 0.6609375 0.421875 0.6890625 0.428125 0.703125 0.4359375 0.709375 0.4359375 0.715625 0.44375 0.7046875 0.4421875 0.69375 0.4328125 0.6625 0.425 0.6234375 0.425 0.596875 0.43125 0.5734375 0.440625 0.575 0.4375 0.584375 0.4328125 0.609375 0.425 0.6265625 0.421875 0.659375 0.421875
0 0.2125 0.4421875 0.2234375 0.4375 0.225 0.4390625 0.2203125 0.4484375 0.2125 0.45 0.203125 0.4625 0.196875 0.48125 0.196875 0.49375 0.203125 0.515625 0.21875 0.5375 0.2171875 0.5390625 0.2046875 0.525 0.19375 0.5 0.19375 0.4765625 0.2015625 0.459375 0.2125 0.44375
0 0.1859375 0.08125 0.2 0.071875 0.2 0.084375 0.1921875 0.0875 0.1890625 0.0984375 0.1859375 0.1 0.1859375 0.1046875 0.18125 0.1109375 0.178125 0.1234375 0.1765625 0.1390625 0.171875 0.1515625 0.171875 0.2 0.18125 0.2390625 0.1890625 0.2546875 0.2 0.265625 0.203125 0.271875 0.203125 0.278125 0.1890625 0.271875 0.1875 0.259375 0.1796875 0.2453125 0.1796875 0.240625 0.1765625 0.2375 0.1734375 0.2265625 0.1671875 0.1953125 0.16875 0.1453125 0.1796875 0.10625 0.1890625 0.0875 0.1875 0.0828125
0 0.853125 0.4234375 0.8875 0.4328125 0.8953125 0.4359375 0.8984375 0.440625 0.875 0.43125 0.8484375 0.425 0.8078125 0.425 0.7953125 0.4296875 0.7859375 0.4296875 0.7734375 0.4359375 0.7703125 0.440625 0.759375 0.44375 0.75625 0.44375 0.7640625 0.434375 0.76875 0.4359375 0.7828125 0.428125 0.803125 0.4234375 0.8109375 0.421875 0.8515625 0.4234375
1 0.21640625 0.171875 0.39296875 0.0171875
1 0.21640625 0.1734375 0.02421875 0.28203125
1 0.778125 0.17578125 0.01953125 0.28984375
1 0.76953125 0.171875 0.40390625 0.02109375
1 0.76796875 0.08046875 0.15859375 0.015625
1 0.2359375 0.4703125 0.0296875 0.2390625
1 0.22734375 0.49375 0.30390625 0.01484375
1 0.8203125 0.4171875 0.0203125 0.146875
1 0.65 0.42421875 0.02265625 0.13359375
1 0.73671875 0.41796875 0.0203125 0.15390625
1 0.27890625 0.79765625 0.0140625 0.26015625
1 0.2796875 0.7734375 0.059375 0.0125