0 0.209375 0.696875 0.2109375 0.6984375 0.209375 0.7015625 0.203125 0.70625 0.203125 0.7109375 0.209375 0.7171875 0.209375 0.7203125 0.2015625 0.7171875 0.1984375 0.709375 0.2 0.703125 0.2046875 0.6984375 0.2078125 0.6984375
0 0.190625 0.0546875 0.221875 0.059375 0.2328125 0.0578125 0.2515625 0.0625 0.2546875 0.0609375 0.26875 0.0625 0.2921875 0.0703125 0.296875 0.06875 0.34375 0.08125 0.346875 0.084375 0.35625 0.0859375 0.36875 0.0921875 0.3734375 0.0921875 0.3796875 0.096875 0.384375 0.096875 0.43125 0.121875 0.440625 0.121875 0.4453125 0.134375 0.440625 0.134375 0.4296875 0.128125 0.4234375 0.1203125 0.40625 0.1109375 0.4015625 0.1109375 0.4 0.1078125 0.371875 0.0953125 0.3671875 0.0953125 0.3609375 0.090625 0.3453125 0.0875 0.3375 0.0828125 0.315625 0.0796875 0.3109375 0.075 0.2859375 0.071875 0.28125 0.0703125 0.2796875 0.0671875 0.275 0.06875 0.2671875 0.065625 0.2625 0.0671875 0.24375 0.0625 0.23125 0.0609375 0.2265625 0.0625 0.2015625 0.0578125 0.178125 0.0625 0.1671875 0.059375 0.165625 0.05625 0.178125 0.0515625 0.1890625 0.05625
0 0.8671875 0.14375 0.8671875 0.146875 0.85 0.15625 0.8421875 0.171875 0.84375 0.18125 0.8421875 0.184375 0.8453125 0.1890625 0.84375 0.190625 0.85 0.1984375 0.853125 0.196875 0.85625 0.2 0.8546875 0.2046875 0.85625 0.209375 0.853125 0.209375 0.8421875 0.2015625 0.84375 0.19375 0.8375 0.178125 0.8421875 0.159375 0.853125 0.15 0.865625 0.1453125
0 0.6265625 0.45625 0.640625 0.459375 0.6453125 0.4578125 0.684375 0.4703125 0.690625 0.4734375 0.6921875 0.4765625 0.7015625 0.4796875 0.7140625 0.4921875 0.71875 0.4921875 0.7234375 0.5015625 0.7140625 0.4984375 0.7109375 0.4921875 0.6953125 0.4796875 0.6734375 0.46875 0.63125 0.459375 0.6296875 0.4609375 0.60625 0.459375 0.596875 0.4625 0.5953125 0.4609375 0.5875 0.4625 0.5890625 0.459375 0.596875 0.4578125 0.5984375 0.459375 0.61875 0.45625 0.625 0.4578125
0 0.2453125 0.36875 0.246875 0.3703125 0.2515625 0.36875 0.2515625 0.3703125 0.24375 0.378125 0.2359375 0.378125 0.23125 0.38125 0.2203125 0.3921875 0.2109375 0.409375 0.209375 0.415625 0.2109375 0.4375 0.209375 0.4390625 0.21875 0.4640625 0.2171875 0.465625 0.2125 0.4578125 0.20625 0.4375 0.2046875 0.4203125 0.2078125 0.4078125 0.2109375 0.3984375 0.215625 0.3953125 0.21875 0.3890625 0.2359375 0.375 0.2375 0.3703125 0.24375 0.3703125
0 0.30625 0.015625 0.3140625 0.0109375 0.321875 0.009375 0.31875 0.021875 0.309375 0.0234375 0.3046875 0.0328125 0.3015625 0.0328125 0.3 0.0375 0.29375 0.0421875 0.2859375 0.05625 0.2828125 0.0671875 0.2765625 0.075 0.2765625 0.078125 0.2734375 0.0796875 0.2609375 0.1265625 0.2625 0.128125 0.2609375 0.1328125 0.2625 0.1359375 0.259375 0.14375 0.2609375 0.1453125 0.259375 0.15625 0.2609375 0.1703125 0.265625 0.1890625 0.2703125 0.19375 0.271875 0.196875 0.2703125 0.2 0.2734375 0.203125 0.271875 0.209375 0.2640625 0.2046875 0.259375 0.2 0.2609375 0.184375 0.25625 0.1640625 0.2578125 0.159375 0.25625 0.1578125 0.2578125 0.1484375 0.25625 0.13125 0.259375 0.1234375 0.2578125 0.11875 0.271875 0.0734375 0.278125 0.0625 0.28125 0.0609375 0.28125 0.05625 0.2859375 0.0515625 0.2875 0.0453125 0.2921875 0.0421875 0.2921875 0.0390625 0.2984375 0.0328125 0.3 0.028125 0.3078125 0.021875 0.3078125 0.0171875
0 0.7890625 0.5046875 0.790625 0.50625 0.7921875 0.5046875 0.825 0.50625 0.853125 0.5140625 0.8921875 0.5359375 0.9 0.5421875 0.9015625 0.546875 0.8640625 0.521875 0.81875 0.5078125 0.8015625 0.509375 0.7953125 0.50625 0.78125 0.509375 0.778125 0.5125 0.765625 0.5140625 0.7625 0.5125 0.76875 0.50625 0.7765625 0.5078125 0.7875 0.50625
1 0.3109375 0.109375 0.384375 0.11875
1 0.3109375 0.125 0.096875 0.25
1 0.85234375 0.25859375 0.09375 0.284375
1 0.8234375 0.253125 0.353125 0.125
1 0.8671875 0.1640625 0.1578125 0.05625
1 0.25234375 0.403125 0.090625 0.2390625
1 0.23828125 0.4234375 0.296875 0.09375
1 0.83046875 0.503125 0.0578125 0.146875
1 0.66484375 0.465625 0.05625 0.134375
1 0.75 0.48203125 0.059375 0.1546875
1 0.209375 0.73046875 0.08125 0.2546875
1 0.21640625 0.70703125 0.0609375 0.028125