0 0.3484375 0.1640625 0.35 0.165625 0.3515625 0.1640625 0.3515625 0.16875 0.346875 0.16875 0.340625 0.1734375 0.34375 0.1859375 0.340625 0.1859375 0.3359375 0.178125 0.340625 0.1671875 0.346875 0.165625
0 0 0.725 0.0078125 0.7265625 0.0125 0.7296875 0.0140625 0.734375 0.0265625 0.7421875 0.03125 0.7421875 0.0328125 0.7453125 0.05 0.75 0.0515625 0.753125 0.06875 0.7578125 0.075 0.7625 0.0859375 0.7640625 0.0875 0.7671875 0.0921875 0.7671875 0.0953125 0.7703125 0.1109375 0.771875 0.128125 0.7796875 0.1359375 0.778125 0.14375 0.7828125 0.15625 0.7859375 0.16875 0.7859375 0.1953125 0.7921875 0.2 0.790625 0.2078125 0.79375 0.209375 0.7921875 0.2140625 0.79375 0.225 0.7921875 0.2328125 0.7953125 0.234375 0.79375 0.240625 0.7953125 0.2546875 0.79375 0.2578125 0.790625 0.259375 0.7921875 0.2625 0.790625 0.2765625 0.7921875 0.2640625 0.8015625 0.25625 0.796875 0.2390625 0.796875 0.2375 0.7953125 0.2359375 0.796875 0.23125 0.7953125 0.2296875 0.796875 0.225 0.7953125 0.2203125 0.796875 0.2078125 0.7953125 0.20625 0.796875 0.1859375 0.7921875 0.18125 0.79375 0.1671875 0.7890625 0.1625 0.790625 0.1125 0.778125 0.1109375 0.775 0.08125 0.76875 0.0796875 0.765625 0.0578125 0.759375 0.01875 0.7390625 0.0140625 0.7390625 0.0109375 0.7359375 0.0015625 0.7359375 0 0.7265625
0 0.6609375 0.925 0.6703125 0.9265625 0.6671875 0.934375 0.6625 0.9359375 0.6578125 0.9328125 0.653125 0.9359375 0.6421875 0.9484375 0.6390625 0.9578125 0.640625 0.965625 0.6390625 0.9703125 0.65 0.9859375 0.65 0.9890625 0.64375 0.984375 0.6375 0.9734375 0.6375 0.9671875 0.634375 0.9640625 0.6390625 0.9453125 0.65 0.9359375 0.6546875 0.9265625 0.659375 0.9265625
0 0.5578125 0.575 0.5609375 0.575 0.575 0.5875 0.5953125 0.5984375 0.6375 0.6109375 0.65 0.6125 0.6609375 0.6109375 0.6625 0.6125 0.675 0.6109375 0.6859375 0.6046875 0.696875 0.60625 0.6890625 0.6125 0.6796875 0.6109375 0.6703125 0.6140625 0.6421875 0.6140625 0.640625 0.6125 0.6359375 0.6140625 0.6046875 0.60625 0.603125 0.603125 0.5984375 0.603125 0.5828125 0.5953125 0.578125 0.590625 0.575 0.590625 0.5734375 0.5875 0.5703125 0.5875 0.5578125 0.5765625
0 0.2265625 0.3984375 0.234375 0.39375 0.2375 0.3953125 0.2296875 0.4 0.2109375 0.4203125 0.2109375 0.425 0.2078125 0.4265625 0.2078125 0.43125 0.2046875 0.4328125 0.203125 0.4390625 0.2046875 0.465625 0.209375 0.4765625 0.2140625 0.48125 0.2171875 0.48125 0.2171875 0.4890625 0.2203125 0.4921875 0.21875 0.49375 0.2078125 0.4859375 0.209375 0.4828125 0.2015625 0.4671875 0.2 0.459375 0.2015625 0.45625 0.1984375 0.4484375 0.203125 0.4265625 0.215625 0.4078125 0.2265625 0.4
0 0.159375 0.6421875 0.153125 0.6546875 0.146875 0.65625 0.128125 0.6765625 0.128125 0.6796875 0.125 0.68125 0.109375 0.7125 0.0984375 0.75625 0.1 0.759375 0.0984375 0.7625 0.1 0.7640625 0.0984375 0.803125 0.103125 0.825 0.109375 0.8296875 0.10625 0.8421875 0.0953125 0.8296875 0.1 0.8234375 0.096875 0.815625 0.09375 0.79375 0.0953125 0.7921875 0.09375 0.7609375 0.096875 0.753125 0.0953125 0.7484375 0.103125 0.7171875 0.1203125 0.68125 0.128125 0.6734375 0.128125 0.66875 0.140625 0.65625 0.14375 0.65 0.1421875 0.646875 0.1578125 0.64375
0 0.7484375 0.621875 0.75 0.6265625 0.7625 0.6375 0.7671875 0.6375 0.7734375 0.640625 0.775 0.64375 0.7796875 0.64375 0.7875 0.6484375 0.81875 0.65625 0.8234375 0.6546875 0.8375 0.6578125 0.8734375 0.653125 0.8703125 0.65625 0.8515625 0.659375 0.8484375 0.6578125 0.846875 0.659375 0.8109375 0.6578125 0.7859375 0.6515625 0.7578125 0.6375 0.7453125 0.6265625 0.74375 0.628125 0.7390625 0.625 0.7359375 0.615625 0.746875 0.621875
1 0.16875 0.75 0.3375 0.1125
1 0.14609375 0.7484375 0.0921875 0.2796875
1 0.69140625 0.86953125 0.0890625 0.2609375
1 0.68203125 0.88359375 0.396875 0.11875
1 0.65859375 0.971875 0.1578125 0.053125
1 0.23671875 0.46484375 0.0859375 0.2390625
1 0.23359375 0.43984375 0.2984375 0.0875
1 0.790625 0.6578125 0.0546875 0.146875
1 0.62734375 0.61015625 0.0546875 0.134375
1 0.71015625 0.63671875 0.05625 0.1546875
1 0.3578125 0.1578125 0.0765625 0.25625
1 0.35234375 0.18125 0.0609375 0.0265625