1 0.215625 0.38515625 0.01015625 0.19609375
0 0.5671875 0.7796875 0.571875 0.78125 0.571875 0.7875 0.575 0.7890625 0.575 0.796875 0.571875 0.7984375 0.571875 0.8046875 0.5625 0.80625 0.5625 0.8015625 0.5703125 0.7953125 0.5703125 0.7828125 0.5671875 0.78125
0 0.30625 0.296875 0.2765625 0.3078125 0.2734375 0.3125 0.265625 0.315625 0.25625 0.325 0.25 0.328125 0.23125 0.346875 0.228125 0.353125 0.2234375 0.353125 0.2328125 0.3390625 0.2390625 0.3359375 0.240625 0.33125 0.25 0.321875 0.2671875 0.3125 0.271875 0.30625 0.290625 0.3 0.29375 0.296875 0.3046875 0.2953125
0 0.703125 0.3390625 0.7125 0.3390625 0.725 0.3453125 0.73125 0.3453125 0.75625 0.3671875 0.759375 0.3734375 0.7671875 0.3796875 0.76875 0.3875 0.7609375 0.384375 0.7609375 0.3796875 0.7578125 0.375 0.75 0.3703125 0.746875 0.3640625 0.7375 0.3578125 0.734375 0.3515625 0.7046875 0.3390625
0 0.2125 0.3515625 0.228125 0.353125 0.228125 0.3578125 0.221875 0.3625 0.209375 0.3609375 0.20625 0.3546875 0.2109375 0.3515625
0 0.5328125 0.60625 0.5375 0.6046875 0.565625 0.60625 0.5796875 0.6015625 0.575 0.60625 0.5609375 0.609375 0.5328125 0.6078125
0 0.428125 0.6015625 0.4421875 0.60625 0.4625 0.60625 0.4640625 0.6046875 0.4734375 0.60625 0.471875 0.609375 0.4453125 0.609375 0.4359375 0.6078125 0.428125 0.603125
0 0.1328125 0.2953125 0.159375 0.3046875 0.1640625 0.309375 0.1671875 0.309375 0.1703125 0.3140625 0.1796875 0.31875 0.20625 0.3453125 0.2125 0.3578125 0.2078125 0.3578125 0.20625 0.3515625 0.1984375 0.3453125 0.19375 0.3375 0.1875 0.334375 0.1875 0.33125 0.1828125 0.3265625 0.175 0.3234375 0.171875 0.31875 0.1578125 0.3109375 0.15625 0.3078125 0.125 0.296875 0.13125 0.2953125
0 0.8609375 0.3421875 0.865625 0.3390625 0.871875 0.3375 0.8734375 0.3390625 0.8625 0.3421875 0.840625 0.3546875 0.8296875 0.36875 0.821875 0.3734375 0.81875 0.38125 0.8109375 0.3875 0.809375 0.3875 0.809375 0.3828125 0.8125 0.3765625 0.8234375 0.365625 0.8296875 0.3625 0.834375 0.3578125 0.834375 0.3546875 0.8453125 0.346875 0.8546875 0.3453125 0.859375 0.3421875
1 0.209375 0.2921875 0.2171875 0.2921875 0.21875 0.2953125 0.2078125 0.3046875 0.2046875 0.3125 0.1859375 0.321875 0.1828125 0.3265625 0.1734375 0.33125 0.171875 0.334375 0.146875 0.3515625 0.1421875 0.3578125 0.1328125 0.3640625 0.1234375 0.3625 0.1296875 0.3546875 0.1546875 0.3375 0.1703125 0.3234375 0.1734375 0.3234375 0.175 0.3203125 0.1890625 0.3125 0.209375 0.29375
1 0.2203125 0.29375 0.228125 0.2953125 0.25 0.315625 0.2734375 0.33125 0.2828125 0.3421875 0.2953125 0.3515625 0.3078125 0.35625 0.3109375 0.3609375 0.3109375 0.365625 0.3046875 0.365625 0.2890625 0.3578125 0.284375 0.3515625 0.271875 0.34375 0.26875 0.3390625 0.265625 0.3390625 0.25625 0.328125 0.2328125 0.3125 0.2203125 0.3 0.21875 0.296875 0.2203125 0.2953125
1 0.503125 0.38984375 0.0140625 0.1875
1 0.63828125 0.32578125 0.00078125 0.00234375
1 0.790625 0.2984375 0.79375 0.3015625 0.790625 0.3078125 0.7875 0.309375 0.784375 0.321875 0.7765625 0.33125 0.7734375 0.34375 0.7703125 0.3453125 0.7671875 0.3546875 0.7640625 0.35625 0.7640625 0.3609375 0.759375 0.365625 0.75625 0.375 0.753125 0.3765625 0.7515625 0.384375 0.7421875 0.3953125 0.7390625 0.4078125 0.7359375 0.409375 0.728125 0.4296875 0.725 0.43125 0.721875 0.440625 0.71875 0.4421875 0.7171875 0.45 0.7140625 0.4515625 0.7109375 0.465625 0.70625 0.46875 0.7015625 0.4671875 0.7015625 0.4609375 0.703125 0.45625 0.70625 0.4546875 0.709375 0.440625 0.7125 0.4390625 0.715625 0.428125 0.7234375 0.41875 0.7265625 0.4078125 0.7296875 0.40625 0.7328125 0.39375 0.7359375 0.3921875 0.7375 0.3859375 0.7421875 0.3828125 0.74375 0.3734375 0.746875 0.371875 0.75 0.3625 0.7546875 0.359375 0.7546875 0.3546875 0.7578125 0.353125 0.7609375 0.34375 0.7640625 0.3421875 0.765625 0.3328125 0.76875 0.33125 0.771875 0.3203125 0.775 0.31875 0.778125 0.3125 0.778125 0.3078125 0.78125 0.30625 0.7828125 0.3 0.7890625 0.2984375
1 0.79375 0.2984375 0.79375 0.3046875 0.796875 0.30625 0.7984375 0.315625 0.8078125 0.3265625 0.8109375 0.3375 0.81875 0.346875 0.821875 0.359375 0.825 0.3609375 0.8328125 0.3765625 0.8375 0.3796875 0.8390625 0.3875 0.846875 0.396875 0.85 0.40625 0.853125 0.4078125 0.85625 0.41875 0.8640625 0.4265625 0.8671875 0.4375 0.8703125 0.4390625 0.8734375 0.453125 0.8828125 0.4640625 0.88125 0.4671875 0.8734375 0.4671875 0.871875 0.4625 0.8671875 0.459375 0.865625 0.4515625 0.8625 0.45 0.8609375 0.440625 0.8578125 0.4390625 0.85625 0.4328125 0.8515625 0.4296875 0.8484375 0.41875 0.8453125 0.4171875 0.84375 0.4109375 0.840625 0.409375 0.840625 0.4046875 0.834375 0.3984375 0.83125 0.3859375 0.8234375 0.38125 0.8203125 0.371875 0.8171875 0.3703125 0.815625 0.3625 0.8125 0.3609375 0.809375 0.3484375 0.80625 0.346875 0.803125 0.3375 0.8 0.3359375 0.7984375 0.328125 0.7890625 0.31875 0.7859375 0.3 0.7921875 0.2984375
1 0.503125 0.60546875 0.015625 0.1921875
1 0.2171875 0.603125 0.0140625 0.190625
1 0.6125 0.784375 0.621875 0.784375 0.6234375 0.790625 0.6203125 0.79375 0.5890625 0.7984375 0.5703125 0.8046875 0.53125 0.8078125 0.5296875 0.8109375 0.51875 0.8109375 0.440625 0.825 0.403125 0.8265625 0.4015625 0.828125 0.3953125 0.8265625 0.3953125 0.821875 0.403125 0.8203125 0.4453125 0.8171875 0.459375 0.8125 0.4671875 0.8125 0.46875 0.809375 0.478125 0.809375 0.4984375 0.8046875 0.5140625 0.8046875 0.5484375 0.796875 0.5859375 0.79375 0.6125 0.7859375
1 0.790625 0.3921875 0.0171875 0.1890625