0 0.6578125 0.70390625 0.0703125 0.0625
0 0.446875 0.3921875 0.45 0.390625 0.45 0.384375 0.4578125 0.375 0.4515625 0.396875 0.4546875 0.4 0.4546875 0.40625 0.4625 0.4140625 0.4625 0.41875 0.4609375 0.41875 0.45 0.40625 0.45 0.4 0.446875 0.3984375 0.446875 0.39375
0 0.4 0.5984375 0.4125 0.6046875 0.4234375 0.6203125 0.4234375 0.625 0.4203125 0.625 0.4078125 0.60625 0.4 0.6015625 0.3890625 0.6015625 0.384375 0.6046875 0.378125 0.6046875 0.3796875 0.6015625 0.3984375 0.5984375
0 0.2328125 0.4484375 0.2453125 0.4484375 0.2546875 0.4546875 0.259375 0.4546875 0.2640625 0.4578125 0.2671875 0.4640625 0.265625 0.4765625 0.2640625 0.4765625 0.265625 0.471875 0.2640625 0.4640625 0.2578125 0.4578125 0.2546875 0.4609375 0.25625 0.4640625 0.2546875 0.4703125 0.2453125 0.475 0.2375 0.4671875 0.2390625 0.4609375 0.2453125 0.45625 0.2453125 0.453125 0.240625 0.45 0.2359375 0.4515625 0.2328125 0.45
0 0.834375 0.1984375 0.8421875 0.2109375 0.853125 0.215625 0.865625 0.2171875 0.8734375 0.215625 0.871875 0.21875 0.8484375 0.2171875 0.8421875 0.2140625 0.834375 0.203125 0.834375 0.2
0 0.5125 0.0703125 0.5171875 0.0671875 0.5203125 0.0609375 0.5265625 0.0578125 0.546875 0.0578125 0.55 0.0609375 0.55 0.0625 0.54375 0.0625 0.5328125 0.059375 0.525 0.0625 0.5140625 0.0765625 0.5109375 0.078125 0.5125 0.071875
0 0.803125 0.3921875 0.8078125 0.3921875 0.8109375 0.3890625 0.8296875 0.390625 0.8296875 0.39375 0.8125 0.3921875 0.803125 0.403125 0.7984375 0.415625 0.796875 0.415625 0.796875 0.4078125 0.803125 0.39375
1 0.584375 0.615625 0.621875 0.653125 0.6390625 0.678125 0.6453125 0.6828125 0.646875 0.6875 0.6578125 0.696875 0.6671875 0.7015625 0.6859375 0.721875 0.6921875 0.7234375 0.6984375 0.7328125 0.71875 0.7484375 0.71875 0.7515625 0.7328125 0.7703125 0.7375 0.7734375 0.7375 0.7796875 0.7328125 0.7859375 0.7296875 0.7859375 0.725 0.7796875 0.7015625 0.7625 0.6890625 0.7453125 0.6828125 0.740625 0.6828125 0.7375 0.671875 0.728125 0.665625 0.7171875 0.64375 0.7015625 0.6203125 0.675 0.6171875 0.6671875 0.5984375 0.65 0.5984375 0.646875 0.565625 0.6171875 0.5671875 0.60625 0.575 0.60625 0.5828125 0.615625
1 0.3359375 0.640625 0.2375 0.01875
1 0.778125 0.43125 0.01875 0.1359375
1 0.7859375 0.36875 0.7984375 0.38125 0.8125 0.3890625 0.8203125 0.4 0.8375 0.415625 0.8453125 0.428125 0.8453125 0.434375 0.8421875 0.4375 0.834375 0.4375 0.8265625 0.425 0.809375 0.4078125 0.809375 0.4046875 0.7796875 0.3828125 0.775 0.3734375 0.7796875 0.36875 0.784375 0.36875
1 0.503125 0.3609375 0.5046875 0.3625 0.503125 0.36875 0.5 0.36875 0.4828125 0.3828125 0.4484375 0.4171875 0.44375 0.4171875 0.4359375 0.425 0.4265625 0.4234375 0.425 0.41875 0.4296875 0.4125 0.4359375 0.409375 0.4578125 0.3875 0.459375 0.3890625 0.4609375 0.384375 0.49375 0.3578125 0.4984375 0.3578125 0.5015625 0.3609375
1 0.82734375 0.18046875 0.1265625 0.01875
1 0.51328125 0.084375 0.078125 0.0140625