0 0.3640625 0.271875 0.36875 0.271875 0.3671875 0.29375 0.3625 0.30625 0.35 0.3203125 0.328125 0.3296875 0.303125 0.3296875 0.3015625 0.328125 0.303125 0.325 0.3140625 0.328125 0.3265625 0.3265625 0.3421875 0.3203125 0.3453125 0.3140625 0.3515625 0.3125 0.3609375 0.3015625 0.365625 0.2890625 0.3640625 0.2734375
0 0.5390625 0.5796875 0.54375 0.58125 0.553125 0.5921875 0.553125 0.596875 0.55625 0.5984375 0.553125 0.6125 0.5453125 0.621875 0.5515625 0.6015625 0.5484375 0.5984375 0.5484375 0.5921875 0.5390625 0.58125
0 0.571875 0.371875 0.575 0.371875 0.5796875 0.38125 0.5890625 0.390625 0.5953125 0.39375 0.60625 0.39375 0.6109375 0.390625 0.6171875 0.390625 0.615625 0.39375 0.6046875 0.396875 0.590625 0.3953125 0.58125 0.3890625 0.571875 0.3765625 0.571875 0.3734375
0 0.7546875 0.515625 0.7625 0.5234375 0.7609375 0.5296875 0.7546875 0.534375 0.7546875 0.5375 0.7609375 0.540625 0.7671875 0.5390625 0.76875 0.540625 0.7671875 0.5421875 0.75625 0.5421875 0.7359375 0.5328125 0.7328125 0.5265625 0.7328125 0.515625 0.7359375 0.5140625 0.734375 0.521875 0.7375 0.5296875 0.7421875 0.5328125 0.7453125 0.5296875 0.74375 0.5265625 0.7453125 0.5203125 0.753125 0.515625
0 0.1640625 0.7953125 0.175 0.8078125 0.175 0.8125 0.1671875 0.8 0.15625 0.7953125 0.1359375 0.796875 0.1375 0.79375 0.1484375 0.7921875 0.1625 0.7953125
0 0.5 0.9234375 0.503125 0.921875 0.5015625 0.9296875 0.496875 0.9328125 0.49375 0.9390625 0.4875 0.9421875 0.4671875 0.9421875 0.4640625 0.9390625 0.465625 0.9375 0.4796875 0.940625 0.4859375 0.9390625 0.5 0.925
0 0.1734375 0.6171875 0.178125 0.61875 0.190625 0.6171875 0.2 0.60625 0.203125 0.5953125 0.20625 0.59375 0.20625 0.6015625 0.2015625 0.609375 0.2 0.6171875 0.1953125 0.6171875 0.1921875 0.6203125 0.1734375 0.6203125 0.1734375 0.61875
1 0.25625 0.221875 0.259375 0.221875 0.2609375 0.225 0.2875 0.2421875 0.3015625 0.2609375 0.31875 0.2765625 0.3234375 0.284375 0.3484375 0.303125 0.3765625 0.3328125 0.3765625 0.3359375 0.4 0.359375 0.4296875 0.384375 0.4296875 0.39375 0.4203125 0.3953125 0.4125 0.3859375 0.3875 0.365625 0.371875 0.35 0.3453125 0.3171875 0.334375 0.3078125 0.325 0.303125 0.30625 0.284375 0.3 0.2828125 0.2921875 0.2734375 0.271875 0.2578125 0.2515625 0.23125 0.253125 0.225 0.25625 0.2234375
1 0.659375 0.35390625 0.2375 0.0109375
1 0.22421875 0.578125 0.0140625 0.13515625
1 0.196875 0.60625 0.228125 0.63125 0.228125 0.6359375 0.2234375 0.640625 0.21875 0.640625 0.2046875 0.628125 0.190625 0.6203125 0.1609375 0.590625 0.15625 0.5828125 0.15625 0.5765625 0.159375 0.5734375 0.1671875 0.5734375 0.1703125 0.5796875 0.1953125 0.60625
1 0.5 0.63125 0.5046875 0.6296875 0.5203125 0.615625 0.5546875 0.5796875 0.5578125 0.5796875 0.565625 0.571875 0.5734375 0.571875 0.5765625 0.5765625 0.575 0.58125 0.5421875 0.6109375 0.5421875 0.6140625 0.534375 0.61875 0.5109375 0.640625 0.5046875 0.640625 0.5 0.6375 0.5 0.6328125
1 0.184375 0.83046875 0.12578125 0.0140625
1 0.5015625 0.915625 0.078125 0.01171875